448,1576,15,12,7,2.9770865
520,1264,15,12,9,3.0475326
496,1048,15,12,8,4.5068827
320,1696,15,12,3,2.951063
288,1728,15,12,2,1.877125
384,1632,15,12,5,6.366396
352,1664,15,12,4,2.4513893
552,1504,15,12,6,10.582013
560,544,15,12,1,2.7669122
496,1064,15,12,8,5.457402
248,1768,15,12,5,4.5767183
424,408,15,12,5,3.944098
680,664,15,12,5,4.7315607
296,280,15,12,5,4.5353637
312,1704,15,12,7,10.784066
280,1736,15,12,6,5.30128
672,656,15,12,9,11.334671
416,400,15,12,9,4.6305337
544,528,15,12,9,6.3530602
344,1672,15,12,8,1.4495271
664,648,15,12,13,5.7242613
280,264,15,12,13,4.688136
536,520,15,12,13,4.080538
408,392,15,12,13,6.322623
416,1576,15,12,6,3.2269447
400,1568,15,12,14,5.017476
552,1456,15,12,6,9.602312
520,1232,15,12,9,6.0571394
496,1016,15,12,8,10.730173
384,1600,15,12,5,2.644788
256,256,15,12,8,9.972291
520,1248,15,12,9,1.2442272
496,1032,15,12,8,4.659602
552,1424,15,12,6,5.0935698
496,984,15,12,8,4.4442253
560,920,15,12,10,9.046547
624,856,15,12,12,11.760292
552,928,15,12,14,3.845892
552,1440,15,12,6,5.1867266
496,1000,15,12,8,2.0501945
392,376,15,12,4,11.701591
648,632,15,12,4,5.749633
512,496,15,12,8,5.7550282
384,368,15,12,8,10.815168
376,360,15,12,12,10.983404
504,488,15,12,12,5.1135464
296,1720,15,12,15,10.2195835
552,1392,15,12,6,6.3688745
704,776,15,12,6,4.4467826
520,1544,15,12,5,3.4019105
192,256,15,12,6,3.289758
304,1712,15,12,11,10.825306
576,904,15,12,2,4.5793595
640,840,15,12,4,5.5500603
552,1408,15,12,6,5.0660653
568,912,15,12,6,5.737885
632,848,15,12,8,11.963477
696,784,15,12,10,9.890814
536,1328,15,12,1,4.8865495
512,1552,15,12,9,9.604959
528,1320,15,12,5,10.9651375
504,976,15,12,4,9.924718
344,328,15,12,15,4.7116737
600,584,15,12,15,11.267866
472,456,15,12,15,11.549423
520,1136,15,12,9,4.703455
552,1360,15,12,10,9.311455
712,768,15,12,6,3.4338734
520,1152,15,12,9,1.925963
624,608,15,12,3,1.3262548
368,352,15,12,3,4.3489504
496,480,15,12,3,3.3288894
208,256,15,12,2,11.272523
552,1376,15,12,10,9.153923
360,344,15,12,7,3.269436
680,800,15,12,1,4.4629154
616,864,15,12,3,1.4423163
480,464,15,12,11,5.544521
352,336,15,12,11,7.406786
608,592,15,12,11,6.2338266
584,896,15,12,2,3.8424015
712,720,15,12,6,11.878188
520,1104,15,12,9,3.5632906
512,1096,15,12,13,10.167776
544,1336,15,12,14,3.0892248
712,736,15,12,6,12.397932
552,1344,15,12,10,9.52978
440,424,15,12,14,4.824567
568,552,15,12,14,8.55523
528,952,15,12,9,4.930004
520,1200,15,12,9,9.881992
656,824,15,12,13,0.42011562
384,1568,15,12,5,5.0507364
224,256,15,12,11,6.454347
520,1216,15,12,9,11.598622
592,576,15,12,2,6.2671924
336,320,15,12,2,5.530033
520,960,15,12,13,6.4097958
384,1584,15,12,5,2.8168035
592,888,15,12,15,2.9762897
584,568,15,12,6,8.197817
456,440,15,12,6,6.374021
448,432,15,12,10,3.7881343
320,304,15,12,10,10.978447
704,688,15,12,10,6.424938
608,872,15,12,7,4.17466
264,1752,15,12,14,4.9266715
336,1680,15,12,8,10.930804
272,1744,15,12,10,7.674762
480,1576,15,12,4,9.396754
520,1184,15,12,9,5.183599
664,816,15,12,9,5.759796
240,256,15,12,3,6.115974
464,1576,15,12,12,6.07055
544,1520,15,12,10,10.490763
536,944,15,12,5,3.9030476
328,1688,15,12,12,1.5929847
384,1632,15,12,1,3.8273194
256,1760,15,12,5,5.4628057
288,1728,15,12,6,5.3040004
552,1488,15,12,2,6.0078526
680,664,15,12,1,6.064219
424,408,15,12,1,3.0985944
552,536,15,12,1,7.8316507
248,1768,15,12,1,4.02096
432,1576,15,12,11,4.900521
280,1736,15,12,2,4.7223945
304,288,15,12,5,8.598274
432,416,15,12,5,6.5468807
520,1280,15,12,13,4.827606
528,1536,15,12,5,8.626466
560,544,15,12,5,7.536372
496,1568,15,12,4,1.6416587
408,392,15,12,9,10.325971
536,520,15,12,9,12.333763
664,648,15,12,9,10.538933
288,272,15,12,13,2.941181
672,656,15,12,13,6.828663
376,1640,15,12,13,5.196282
416,400,15,12,13,3.1517408
344,1672,15,12,12,0.36153853
384,1600,15,12,1,5.4946313
520,1232,15,12,13,4.702086
496,1016,15,12,12,5.883077
552,1456,15,12,2,5.1971316
416,1576,15,12,2,4.136484
384,1616,15,12,1,10.881645
520,1248,15,12,13,2.8197672
496,1032,15,12,12,5.0781593
360,1656,15,12,4,6.2277737
400,1568,15,12,10,4.37465
688,792,15,12,10,6.078878
496,984,15,12,12,10.149282
504,1560,15,12,9,2.772243
552,1424,15,12,2,3.8508291
552,928,15,12,10,4.6350174
528,512,15,12,4,12.331884
400,384,15,12,4,5.0171366
272,256,15,12,4,4.9505663
656,640,15,12,4,6.303378
496,1000,15,12,12,5.6777873
560,920,15,12,14,7.8646164
504,488,15,12,8,5.5402775
632,616,15,12,8,4.5864162
376,360,15,12,8,3.7761567
552,1440,15,12,2,9.842261
384,368,15,12,12,0.43948817
512,496,15,12,12,2.3964024
520,1296,15,12,13,5.3130884
696,784,15,12,14,3.0271664
368,1648,15,12,9,4.8944225
704,776,15,12,2,9.081606
552,1392,15,12,2,9.29649
520,1312,15,12,13,5.3960853
632,848,15,12,12,4.271117
528,1320,15,12,1,5.871212
296,1720,15,12,11,8.480072
552,1408,15,12,2,6.2473173
568,912,15,12,2,10.835571
536,1328,15,12,5,4.8736672
352,336,15,12,15,0.651837
480,464,15,12,15,4.6995006
608,592,15,12,15,4.395372
520,1136,15,12,13,4.0983753
552,1376,15,12,14,3.7201645
712,752,15,12,2,5.413661
616,864,15,12,7,4.4177675
584,896,15,12,6,2.803513
616,600,15,12,3,6.4758263
360,344,15,12,3,4.0372624
520,1152,15,12,13,4.404408
496,480,15,12,7,6.8896933
624,608,15,12,7,7.629519
368,352,15,12,7,12.201807
208,256,15,12,6,8.235466
344,328,15,12,11,0.6692692
472,456,15,12,11,7.866455
600,584,15,12,11,3.8997405
712,768,15,12,2,10.026018
648,832,15,12,4,9.767526
512,1096,15,12,9,1.7621136
552,1344,15,12,14,7.5118184
712,720,15,12,2,4.8828807
544,1336,15,12,10,4.8861537
520,1120,15,12,13,1.4723506
704,688,15,12,14,2.079576
320,304,15,12,14,8.60359
384,1568,15,12,1,3.2881126
656,824,15,12,9,12.381863
592,888,15,12,11,4.6834025
384,1584,15,12,1,4.2922974
456,440,15,12,2,2.1644626
328,312,15,12,2,5.248232
712,696,15,12,2,5.246345
520,1216,15,12,13,1.8645213
464,448,15,12,6,5.0553665
592,576,15,12,6,5.0633883
440,424,15,12,10,3.2970967
696,680,15,12,10,7.516136
544,1520,15,12,14,4.5152245
600,880,15,12,15,4.7954307
672,808,15,12,1,12.045769
608,872,15,12,3,11.635683
544,936,15,12,5,8.585107
504,1088,15,12,4,9.746966
336,1680,15,12,12,5.000256
272,1744,15,12,14,0.38413566
384,1552,15,12,1,3.1837788
392,1560,15,12,5,9.421812
240,256,15,12,7,4.001603
536,944,15,12,1,4.6922293
328,1688,15,12,8,4.2860084
264,1752,15,12,10,3.204572
384,1584,15,12,14,1.1566628
536,1528,15,12,5,2.015304
504,1560,15,12,4,5.4864182
552,1440,15,12,15,1.5239708
384,1568,15,12,14,5.938541
576,560,15,12,1,4.983717
704,688,15,12,1,1.2793546
320,304,15,12,1,5.774325
448,432,15,12,1,12.157034
696,680,15,12,5,12.07549
312,296,15,12,5,4.2336216
440,424,15,12,5,5.583645
568,552,15,12,5,11.854593
552,1424,15,12,15,5.0426865
528,512,15,12,9,5.246903
272,256,15,12,9,6.4139204
656,640,15,12,9,4.5933523
520,504,15,12,13,2.5488033
648,632,15,12,13,2.7734962
392,376,15,12,13,4.6811404
384,1552,15,12,14,10.406288
512,968,15,12,9,2.7710114
272,1744,15,12,1,2.41082
336,1680,15,12,3,5.2925234
304,1712,15,12,2,5.6419168
544,936,15,12,10,5.4510317
640,840,15,12,13,6.380642
608,872,15,12,12,5.5894732
552,1408,15,12,15,6.0374804
568,912,15,12,15,3.8243911
536,944,15,12,14,1.4235086
464,1576,15,12,7,4.5104065
544,1520,15,12,1,1.5227262
704,776,15,12,15,1.5646678
552,1392,15,12,15,3.94872
328,1688,15,12,7,5.999628
672,808,15,12,14,1.5126454
296,1720,15,12,6,2.4171052
240,256,15,12,8,3.8972592
280,1736,15,12,15,6.520913
552,1504,15,12,15,3.003784
552,1360,15,12,1,4.2663717
288,1728,15,12,11,6.2087183
432,1576,15,12,6,4.7093115
616,864,15,12,8,11.798384
680,800,15,12,10,3.2704563
280,264,15,12,4,2.259701
536,520,15,12,4,4.5016584
664,648,15,12,4,5.338
408,392,15,12,4,4.314887
552,1488,15,12,15,0.3697551
496,1568,15,12,9,3.3422773
624,608,15,12,8,9.101217
496,480,15,12,8,5.70345
488,472,15,12,12,11.078028
360,344,15,12,12,5.162013
616,600,15,12,12,5.6300163
552,1456,15,12,15,4.2704287
416,1576,15,12,15,4.1859
552,1344,15,12,1,5.0270905
544,1336,15,12,5,4.754953
712,696,15,12,15,7.1991453
624,856,15,12,7,6.1857743
456,440,15,12,15,6.2482166
328,312,15,12,15,5.7222824
584,568,15,12,15,8.733154
592,888,15,12,6,4.346385
712,704,15,12,15,4.460598
560,920,15,12,1,4.802278
496,984,15,12,3,4.5051074
688,792,15,12,5,3.2422786
384,368,15,12,3,1.2731369
512,496,15,12,3,5.3631577
504,488,15,12,7,2.5800207
376,360,15,12,7,7.3143616
632,616,15,12,7,3.6431196
592,576,15,12,11,4.2384233
336,320,15,12,11,1.699742
496,1000,15,12,3,1.1151615
552,928,15,12,5,2.8989954
504,1088,15,12,9,4.848599
496,1080,15,12,13,5.43199
488,1576,15,12,9,4.4566164
520,1544,15,12,14,4.968575
696,784,15,12,1,5.0783825
632,848,15,12,3,2.094117
600,880,15,12,2,5.3573585
552,536,15,12,14,3.965131
248,1768,15,12,14,3.6204104
296,280,15,12,14,5.0817156
448,1576,15,12,12,8.3737545
712,768,15,12,15,3.1122444
320,1696,15,12,8,0.75358754
496,1048,15,12,3,3.6296754
256,1760,15,12,10,0.4024681
384,1632,15,12,14,5.4359093
648,832,15,12,9,0.42462382
344,1672,15,12,3,11.572193
584,896,15,12,11,6.772798
608,592,15,12,2,1.5152943
352,336,15,12,2,4.8089933
480,464,15,12,2,3.4646792
712,752,15,12,15,1.4859724
472,456,15,12,6,3.9311583
344,328,15,12,6,8.169438
496,1064,15,12,3,4.856945
208,256,15,12,11,4.852016
528,1536,15,12,10,5.1502256
304,288,15,12,10,2.2969298
688,672,15,12,10,4.87333
560,544,15,12,10,6.0270615
312,1704,15,12,12,2.4695766
384,1616,15,12,14,5.0900187
256,256,15,12,3,3.78865
712,736,15,12,15,1.262676
496,1016,15,12,3,5.53805
512,1096,15,12,4,3.4959033
384,1600,15,12,14,10.402662
400,1568,15,12,5,4.493759
712,720,15,12,15,5.6605678
536,1528,15,12,1,0.6802902
552,1424,15,12,11,3.092753
384,1568,15,12,10,0.35186538
312,296,15,12,1,11.205196
440,424,15,12,1,5.8451304
320,304,15,12,5,5.3948584
448,432,15,12,5,5.0406017
576,560,15,12,5,5.618198
520,504,15,12,9,6.1643333
384,1584,15,12,10,4.8118386
400,384,15,12,13,5.891343
528,512,15,12,13,1.6855682
272,256,15,12,13,3.4610064
392,1560,15,12,14,2.1572318
640,840,15,12,9,6.290636
704,776,15,12,11,0.4185515
552,1392,15,12,11,4.844889
272,1744,15,12,5,9.677332
512,968,15,12,13,4.1336675
336,1680,15,12,7,5.6161304
304,1712,15,12,6,7.9199867
192,256,15,12,11,8.887526
520,1296,15,12,4,6.0279818
264,1752,15,12,1,4.8284497
504,976,15,12,9,5.311288
328,1688,15,12,3,10.501258
568,912,15,12,11,5.2200294
552,1408,15,12,11,4.3595457
296,1720,15,12,2,2.7810347
544,1520,15,12,5,2.8296762
512,1552,15,12,4,8.080425
576,904,15,12,15,2.6292028
544,936,15,12,14,5.762534
464,1576,15,12,3,5.0397625
384,1552,15,12,10,0.33743405
240,256,15,12,12,6.5312157
520,1312,15,12,4,3.0813653
552,1488,15,12,11,3.8655076
680,800,15,12,14,6.146834
352,1664,15,12,9,12.042431
552,1360,15,12,5,3.337624
520,1264,15,12,4,8.592596
288,1728,15,12,15,0.37422118
376,1640,15,12,4,5.006825
616,864,15,12,12,3.1941433
288,272,15,12,4,13.336979
672,656,15,12,4,3.0619035
488,472,15,12,8,5.1361256
616,600,15,12,8,5.003108
432,1576,15,12,2,8.917315
496,480,15,12,12,4.938193
624,608,15,12,12,3.08549
368,352,15,12,12,4.6318674
520,1280,15,12,4,5.0131416
416,1576,15,12,11,9.531993
520,1232,15,12,4,1.1294314
552,1344,15,12,5,5.433026
360,1656,15,12,13,5.5803514
520,1248,15,12,4,6.5604544
592,576,15,12,15,4.419519
496,984,15,12,7,8.079457
464,448,15,12,15,5.204142
336,320,15,12,15,11.254053
224,256,15,12,6,6.5900974
688,792,15,12,1,5.4256163
624,856,15,12,3,0.4358317
520,1200,15,12,4,1.4414693
528,952,15,12,4,7.005171
496,1000,15,12,7,5.97653
712,704,15,12,11,2.8267624
504,488,15,12,3,0.4461683
632,616,15,12,3,6.3554745
376,360,15,12,3,5.6238275
640,624,15,12,7,10.17672
552,928,15,12,1,6.9701824
328,312,15,12,11,5.1708355
584,568,15,12,11,4.223811
712,696,15,12,11,3.827518
456,440,15,12,11,2.8705907
520,1216,15,12,4,3.4074917
496,1080,15,12,9,5.226238
504,1088,15,12,13,0.59017855
536,1328,15,12,14,3.1441796
520,1544,15,12,10,5.150571
520,1168,15,12,4,1.813365
600,880,15,12,6,6.243296
528,1320,15,12,10,7.6310506
664,816,15,12,4,5.7729154
520,1184,15,12,4,4.754344
208,256,15,12,15,7.3833523
432,416,15,12,14,5.405044
560,544,15,12,14,0.6319991
304,288,15,12,14,5.3448486
688,672,15,12,14,6.4035296
528,1536,15,12,14,4.4513073
448,1576,15,12,8,4.1716714
712,752,15,12,11,11.816508
584,896,15,12,15,7.155748
384,1632,15,12,10,11.178825
520,1136,15,12,4,9.201432
496,1064,15,12,7,9.2709
256,1760,15,12,14,4.487517
712,768,15,12,11,1.6812202
600,584,15,12,2,4.362928
344,328,15,12,2,8.805227
648,832,15,12,13,5.597159
344,1672,15,12,7,4.7994404
352,336,15,12,6,5.414224
608,592,15,12,6,5.9183106
296,280,15,12,10,12.84773
680,664,15,12,10,0.42952436
248,1768,15,12,10,2.1473925
552,536,15,12,10,3.2211025
520,1152,15,12,4,3.7066314
496,1016,15,12,7,7.0007873
712,720,15,12,11,6.4274135
256,256,15,12,7,4.7703705
384,1600,15,12,10,4.338694
520,1104,15,12,4,9.674168
712,736,15,12,11,5.526136
520,1120,15,12,4,5.6242085
496,984,15,12,9,4.8195977
560,920,15,12,11,2.7405128
552,928,15,12,15,3.2506576
0,0,15,5,5,0.43770123
504,1560,15,12,12,4.780907
336,320,15,12,1,4.8788013
592,576,15,12,1,3.6564238
496,1000,15,12,9,5.9962707
328,312,15,12,5,4.1467676
456,440,15,12,5,5.099472
584,568,15,12,5,4.414374
712,696,15,12,5,5.950806
688,792,15,12,15,6.983054
384,1584,15,12,6,5.2839007
512,496,15,12,9,6.357316
384,368,15,12,9,4.8281856
640,624,15,12,9,5.231745
376,360,15,12,13,3.6106074
504,488,15,12,13,5.0483527
712,704,15,12,5,6.156948
632,616,15,12,13,4.3076334
480,1576,15,12,7,5.16982
496,1080,15,12,7,4.746506
672,808,15,12,6,5.120967
296,1720,15,12,14,4.1763678
520,1296,15,12,8,10.642401
488,1576,15,12,3,4.8713098
504,1088,15,12,3,5.793544
304,1712,15,12,10,6.270836
368,1648,15,12,12,5.246405
632,848,15,12,9,7.9277
696,784,15,12,11,2.866265
384,1552,15,12,6,1.5209115
512,1552,15,12,8,2.7872696
496,1048,15,12,9,7.0364842
520,1264,15,12,8,3.5897384
432,1576,15,12,14,4.381168
712,752,15,12,5,7.315897
208,256,15,12,1,7.465455
520,1280,15,12,8,9.329378
488,472,15,12,4,0.44592962
616,600,15,12,4,5.49621
360,344,15,12,4,4.2230263
584,896,15,12,1,4.1467977
376,1640,15,12,8,6.3991513
416,400,15,12,8,5.596999
288,272,15,12,8,6.3275023
544,528,15,12,8,4.7186813
680,800,15,12,2,11.632523
408,392,15,12,12,4.5966387
664,648,15,12,12,5.8538895
280,264,15,12,12,2.6958504
536,520,15,12,12,4.5279965
496,1016,15,12,9,5.3279643
256,256,15,12,9,8.457844
496,1032,15,12,9,10.193411
520,1248,15,12,8,10.197085
712,736,15,12,5,2.957844
440,424,15,12,15,6.0961437
568,552,15,12,15,8.484327
312,296,15,12,15,2.866427
552,1424,15,12,5,3.7456362
528,512,15,12,3,5.0396423
400,384,15,12,3,5.1543026
656,640,15,12,3,2.8849576
272,256,15,12,3,6.228076
520,960,15,12,12,3.8970823
520,504,15,12,7,4.1329556
392,376,15,12,7,5.753933
648,632,15,12,7,11.004967
592,888,15,12,14,6.3959455
704,688,15,12,11,3.1700642
576,560,15,12,11,3.1882808
320,304,15,12,11,5.734088
640,840,15,12,7,9.473921
264,1752,15,12,15,5.4695787
520,1168,15,12,8,1.311358
192,256,15,12,5,5.3691673
520,1544,15,12,6,3.7202144
336,1680,15,12,9,2.0485852
272,1744,15,12,11,0.39150634
512,968,15,12,3,4.310622
552,1392,15,12,5,1.6854955
704,776,15,12,5,5.63522
504,976,15,12,7,2.9217222
528,1320,15,12,6,6.9742994
520,1184,15,12,8,5.279319
664,816,15,12,8,6.4818196
536,1328,15,12,2,5.2653112
328,1688,15,12,13,6.546463
552,1408,15,12,5,3.4907613
568,912,15,12,5,5.9503536
344,328,15,12,14,2.0845952
472,456,15,12,14,1.5379031
288,1728,15,12,1,4.762687
520,1136,15,12,8,3.1238434
552,1360,15,12,11,1.6925179
256,1760,15,12,2,5.8793344
352,1664,15,12,7,6.9795337
552,1488,15,12,5,2.4916592
496,1568,15,12,3,4.2803383
552,1376,15,12,11,3.5619097
304,288,15,12,2,3.227669
432,416,15,12,2,3.06848
528,1536,15,12,2,3.844325
560,544,15,12,2,11.393064
688,672,15,12,2,5.791091
552,536,15,12,6,4.4127445
296,280,15,12,6,7.611212
680,664,15,12,6,6.134668
248,1768,15,12,6,4.82693
424,408,15,12,6,3.9300382
352,336,15,12,10,12.228428
608,592,15,12,10,4.9443145
552,1504,15,12,5,0.4039615
520,1104,15,12,8,5.4071016
512,1096,15,12,12,4.49233
544,1336,15,12,15,5.7238784
552,1456,15,12,5,4.2881103
416,1576,15,12,5,4.69496
520,1120,15,12,8,2.733889
360,1656,15,12,3,3.3244824
384,1616,15,12,6,9.48407
552,1472,15,12,5,9.7235985
624,856,15,12,9,2.200401
384,1568,15,12,2,0.39166528
496,984,15,12,13,4.6580925
504,1560,15,12,8,4.9125967
456,440,15,12,1,6.0867977
712,696,15,12,1,11.392572
328,312,15,12,1,11.09642
552,928,15,12,11,4.9008274
384,1584,15,12,2,4.842313
464,448,15,12,5,4.8088202
336,320,15,12,5,6.2713995
592,576,15,12,5,4.3238254
560,920,15,12,15,5.1973915
504,488,15,12,9,6.016764
632,616,15,12,9,5.2090516
376,360,15,12,9,2.560194
712,704,15,12,1,11.371456
640,624,15,12,13,1.2259271
512,496,15,12,13,4.9393616
384,368,15,12,13,6.270481
504,1088,15,12,7,4.272167
544,936,15,12,6,2.8774235
368,1648,15,12,8,5.5706673
496,1080,15,12,3,3.5863166
480,1576,15,12,3,4.9469385
672,808,15,12,2,4.0433326
384,1552,15,12,2,4.6845646
632,848,15,12,13,2.1154046
520,1312,15,12,12,5.657281
240,256,15,12,4,6.8753633
392,1560,15,12,6,3.9177947
536,944,15,12,2,3.9805293
296,1720,15,12,10,3.7098322
512,1552,15,12,12,4.3536186
496,1048,15,12,13,4.231186
648,832,15,12,7,6.190615
208,256,15,12,5,8.03627
496,1064,15,12,13,3.8697839
520,1280,15,12,12,5.0595784
624,608,15,12,4,0.644683
368,352,15,12,4,4.2752743
496,480,15,12,4,7.6295757
712,768,15,12,1,4.874585
280,264,15,12,8,13.431834
664,648,15,12,8,2.9106083
344,1672,15,12,13,0.71836483
584,896,15,12,5,9.2316265
416,400,15,12,12,0.43322337
376,1640,15,12,12,4.314534
616,864,15,12,4,5.332921
544,528,15,12,12,5.3462706
496,1016,15,12,13,7.884726
712,720,15,12,1,0.4504125
256,256,15,12,13,0.43521273
520,1248,15,12,12,7.7354984
712,736,15,12,1,5.735583
448,432,15,12,15,5.2686653
320,304,15,12,15,0.43268374
704,688,15,12,15,4.964583
592,888,15,12,10,2.0554323
528,952,15,12,12,2.4831176
520,1200,15,12,12,3.6127443
520,960,15,12,8,0.6289296
392,376,15,12,3,2.7769065
520,504,15,12,3,2.2716289
648,632,15,12,3,4.3229523
520,1216,15,12,12,4.889013
528,512,15,12,7,3.381725
272,256,15,12,7,7.0119424
400,384,15,12,7,8.211808
552,1440,15,12,1,3.3872614
568,552,15,12,11,4.2350082
696,680,15,12,11,2.7141743
440,424,15,12,11,5.79712
312,296,15,12,11,5.828103
544,1520,15,12,15,3.1304927
512,968,15,12,7,3.0532854
192,256,15,12,1,4.955984
520,1544,15,12,2,8.416588
520,1168,15,12,12,8.578854
640,840,15,12,3,2.8459868
576,904,15,12,5,3.46286
272,1744,15,12,15,1.8697258
536,1328,15,12,6,10.710535
464,1576,15,12,9,8.586317
520,1184,15,12,12,3.922541
664,816,15,12,12,12.23394
328,1688,15,12,9,3.9176764
568,912,15,12,1,3.0138793
264,1752,15,12,11,4.5709944
528,1320,15,12,2,1.8610227
352,336,15,12,14,5.836727
480,464,15,12,14,7.5482407
608,592,15,12,14,4.1721725
352,1664,15,12,3,5.2716837
384,1632,15,12,2,3.76601
520,1136,15,12,12,7.3540845
320,1696,15,12,4,10.458674
552,1376,15,12,15,4.4217577
256,1760,15,12,6,6.1303883
552,1488,15,12,1,4.202604
280,1736,15,12,1,7.711529
296,280,15,12,2,6.8691454
552,536,15,12,2,2.5523758
680,664,15,12,2,5.1371307
248,1768,15,12,2,7.8792562
424,408,15,12,2,8.732477
496,1568,15,12,7,1.9709063
528,1536,15,12,6,7.7886024
304,288,15,12,6,5.4845934
560,544,15,12,6,4.5099163
432,416,15,12,6,9.471334
552,1504,15,12,1,4.1514244
344,328,15,12,10,6.1590757
472,456,15,12,10,1.6325532
600,584,15,12,10,4.6096964
384,1600,15,12,2,4.8379
520,1104,15,12,12,3.8543525
552,1344,15,12,15,6.8710837
544,1336,15,12,11,10.043461
384,1616,15,12,2,7.0951056
520,1120,15,12,12,9.210876
280,1736,15,12,14,9.564295
288,1728,15,12,10,4.779007
352,1664,15,12,12,1.1616848
480,464,15,12,1,1.0802977
680,800,15,12,11,5.981075
472,456,15,12,5,8.032296
344,328,15,12,5,1.8743186
552,1488,15,12,14,3.8487012
368,352,15,12,9,4.329864
624,608,15,12,9,4.394579
496,480,15,12,9,8.458143
496,1568,15,12,8,9.215069
360,344,15,12,13,7.9586143
488,472,15,12,13,5.5640306
616,600,15,12,13,1.9896553
512,1096,15,12,7,4.082659
552,1472,15,12,14,4.781616
520,1104,15,12,3,1.1345555
400,1568,15,12,6,9.263803
552,1456,15,12,14,6.1137867
360,1656,15,12,8,1.2608856
520,1120,15,12,3,2.4305065
384,1584,15,12,15,10.1464
688,792,15,12,6,5.435662
224,256,15,12,1,7.8235655
552,1440,15,12,14,1.0737523
520,1200,15,12,3,5.9767513
528,952,15,12,3,5.591734
560,920,15,12,2,5.8416986
592,888,15,12,5,9.485433
384,1568,15,12,15,3.5838783
552,928,15,12,6,4.234313
504,488,15,12,4,5.800605
376,360,15,12,4,4.520646
552,1424,15,12,14,4.9045057
400,384,15,12,8,6.579503
272,256,15,12,8,6.375328
528,512,15,12,8,8.821764
520,1216,15,12,3,5.4316125
520,504,15,12,12,7.0419044
384,1552,15,12,15,2.6779451
512,968,15,12,8,6.1739564
576,904,15,12,10,10.184422
608,872,15,12,13,6.4884143
536,944,15,12,15,5.9800253
568,912,15,12,14,5.5115986
552,1408,15,12,14,1.8194834
520,1168,15,12,3,2.4112148
192,256,15,12,14,2.5566404
504,976,15,12,12,7.274977
704,776,15,12,14,6.4050484
600,880,15,12,1,2.9657803
240,256,15,12,9,4.840055
520,1184,15,12,3,4.8248677
664,816,15,12,3,2.208548
392,1560,15,12,11,3.82642
296,280,15,12,15,1.7213764
552,536,15,12,15,4.140111
680,664,15,12,15,5.786873
424,408,15,12,15,4.6755886
448,1576,15,12,13,2.3523068
320,1696,15,12,9,3.283323
520,1264,15,12,3,7.368784
552,1360,15,12,2,4.296664
648,832,15,12,8,1.554965
416,400,15,12,3,5.1715875
544,528,15,12,3,12.120575
672,656,15,12,3,4.5250816
376,1640,15,12,3,5.233202
288,272,15,12,3,0.9314928
584,896,15,12,10,6.2146144
664,648,15,12,7,6.8296084
408,392,15,12,7,1.144346
536,520,15,12,7,5.849113
528,1536,15,12,11,5.789979
520,1280,15,12,3,2.4783907
560,544,15,12,11,8.222376
432,416,15,12,11,4.8696766
688,672,15,12,11,5.444523
312,1704,15,12,13,4.8225055
384,1616,15,12,15,4.3748755
384,1600,15,12,15,3.623187
544,1336,15,12,6,5.342297
712,720,15,12,14,4.355271
520,1248,15,12,3,4.502964
456,440,15,12,14,6.104991
712,696,15,12,14,7.8789077
328,312,15,12,14,4.4796987
504,1560,15,12,7,1.016308
712,704,15,12,14,0.41841125
536,1528,15,12,6,10.209655
704,688,15,12,2,5.8988867
448,432,15,12,2,9.330661
576,560,15,12,2,4.3479795
568,552,15,12,6,0.8612597
312,296,15,12,6,2.5108345
440,424,15,12,6,4.5839286
696,680,15,12,6,6.071671
592,576,15,12,10,5.6898513
336,320,15,12,10,5.503691
304,1712,15,12,1,1.8747258
504,1088,15,12,8,1.1901681
272,1744,15,12,2,4.5325656
480,1576,15,12,12,1.7660017
496,1080,15,12,12,3.9749079
368,1648,15,12,7,0.57832277
528,1320,15,12,15,5.3208885
488,1576,15,12,8,4.5035863
520,1544,15,12,15,5.112514
512,1552,15,12,3,4.908145
544,1520,15,12,2,7.764066
296,1720,15,12,5,5.821319
328,1688,15,12,4,2.351531
264,1752,15,12,6,0.408571
520,1312,15,12,3,3.7676954
464,1576,15,12,4,4.9810953
552,1488,15,12,10,2.5037465
352,1664,15,12,8,4.234119
520,1152,15,12,7,4.0362425
288,1728,15,12,14,9.81987
344,328,15,12,1,6.864083
352,336,15,12,5,5.6188126
616,864,15,12,13,3.6125295
344,1672,15,12,4,3.6975436
280,1736,15,12,10,2.235367
368,352,15,12,13,4.3722677
496,480,15,12,13,6.3194156
496,1568,15,12,12,5.4437923
496,1064,15,12,4,4.3576164
520,1104,15,12,7,0.4235069
416,1576,15,12,10,1.8848279
552,1456,15,12,10,4.2987413
256,256,15,12,4,8.761805
520,1120,15,12,7,3.6925778
552,1472,15,12,10,2.856049
400,1568,15,12,2,4.1666346
360,1656,15,12,12,12.189371
520,1200,15,12,7,6.8847866
528,952,15,12,7,5.61057
560,920,15,12,6,4.527385
224,256,15,12,5,10.648045
592,888,15,12,1,2.5533516
384,1568,15,12,11,5.0552416
688,792,15,12,2,0.43837208
496,984,15,12,4,1.4051156
384,368,15,12,4,1.0019509
512,496,15,12,4,5.432465
392,376,15,12,8,2.8873763
648,632,15,12,8,3.079677
520,504,15,12,8,11.986375
520,960,15,12,3,2.0632467
384,1584,15,12,11,4.698594
656,640,15,12,12,2.4912434
528,512,15,12,12,4.7959914
520,1168,15,12,7,2.0429404
392,1560,15,12,15,1.652844
640,840,15,12,8,4.5191174
672,808,15,12,11,4.5808163
552,1392,15,12,10,9.102125
704,776,15,12,10,7.442564
192,256,15,12,10,6.3170652
520,1184,15,12,7,2.7093415
664,816,15,12,7,4.6004295
696,784,15,12,6,4.244632
504,976,15,12,8,8.282482
536,944,15,12,11,5.4546795
568,912,15,12,10,5.8534575
544,936,15,12,15,3.8284218
576,904,15,12,14,6.532862
384,1552,15,12,11,5.2914987
600,880,15,12,5,7.0974326
240,256,15,12,13,0.43430623
528,1536,15,12,15,5.2815094
432,416,15,12,15,1.3166735
560,544,15,12,15,2.609256
304,288,15,12,15,0.42945492
688,672,15,12,15,4.077029
520,1264,15,12,7,4.1358624
552,1360,15,12,6,1.1408117
208,256,15,12,14,8.641592
712,752,15,12,10,7.625762
384,1632,15,12,11,4.86191
320,1696,15,12,13,2.1514938
520,1280,15,12,7,2.9640422
256,1760,15,12,15,5.2933693
552,1376,15,12,6,6.3270288
280,264,15,12,3,6.962024
408,392,15,12,3,5.059214
536,520,15,12,3,3.8722255
648,832,15,12,12,4.6633453
672,656,15,12,7,3.6478887
416,400,15,12,7,7.878621
544,528,15,12,7,4.0763917
288,272,15,12,7,1.6125871
376,1640,15,12,7,7.70225
312,1704,15,12,9,2.060897
432,1576,15,12,1,3.99789
424,408,15,12,11,3.970163
296,280,15,12,11,0.7689215
680,664,15,12,11,2.904495
248,1768,15,12,11,11.696598
552,536,15,12,11,4.2786365
520,1232,15,12,7,6.7531977
384,1600,15,12,11,3.7787242
520,1248,15,12,7,1.3130856
552,1344,15,12,6,6.068491
712,736,15,12,10,0.91005963
384,1616,15,12,11,6.2533126
544,1336,15,12,2,7.9692655
592,576,15,12,14,6.834009
336,320,15,12,14,2.6718802
536,1528,15,12,2,5.707516
568,552,15,12,2,0.8810369
712,704,15,12,10,4.8679705
696,680,15,12,2,7.9971514
312,296,15,12,2,1.9476354
320,304,15,12,6,0.44986588
704,688,15,12,6,5.4939485
448,432,15,12,6,5.625624
456,440,15,12,10,2.0798845
712,696,15,12,10,2.4219918
584,568,15,12,10,11.796822
520,1296,15,12,7,6.6445026
480,1576,15,12,8,4.4187183
496,1080,15,12,8,3.352286
368,1648,15,12,3,5.087962
304,1712,15,12,5,4.2468977
504,1088,15,12,12,7.767091
536,1328,15,12,15,4.7708635
272,1744,15,12,6,5.628607
488,1576,15,12,12,3.0123827
520,1312,15,12,7,7.077057
296,1720,15,12,1,4.743597
528,1320,15,12,11,0.80396116
264,1752,15,12,2,7.316762
544,1520,15,12,6,7.4752054
552,1360,15,12,8,5.588365
712,752,15,12,4,4.1381917
624,608,15,12,1,5.7126923
552,1376,15,12,8,5.0898414
520,1152,15,12,11,3.7041938
360,344,15,12,5,12.339635
616,600,15,12,5,9.8096075
488,472,15,12,5,5.3117285
616,864,15,12,1,6.8237677
352,336,15,12,9,6.4079
608,592,15,12,9,10.241305
680,800,15,12,3,6.4929976
600,584,15,12,13,4.3768797
712,768,15,12,4,4.7621303
520,1104,15,12,11,5.686134
552,1344,15,12,8,5.553996
520,1120,15,12,11,5.273697
512,1096,15,12,15,5.7166023
528,952,15,12,11,4.184484
520,1200,15,12,11,5.0103874
592,888,15,12,13,7.7965183
520,960,15,12,15,4.0790534
224,256,15,12,9,7.9625387
536,1528,15,12,12,4.8008556
520,1216,15,12,11,6.2957954
584,568,15,12,4,4.608737
712,696,15,12,4,8.682445
328,312,15,12,4,5.6011186
456,440,15,12,4,5.3622794
384,1584,15,12,7,5.054451
320,304,15,12,8,4.684675
576,560,15,12,8,11.895471
704,688,15,12,8,11.773667
448,432,15,12,8,6.181039
712,704,15,12,4,5.533659
440,424,15,12,12,4.2644544
696,680,15,12,12,4.594348
312,296,15,12,12,0.43796036
568,552,15,12,12,7.612281
496,1080,15,12,6,6.378192
480,1576,15,12,6,4.972194
488,1576,15,12,2,4.907787
464,1576,15,12,14,1.7344922
272,1744,15,12,8,0.3997159
504,1088,15,12,2,5.561118
336,1680,15,12,10,4.7046537
536,944,15,12,7,3.8662348
240,256,15,12,1,7.7495475
600,880,15,12,9,5.3849587
664,816,15,12,11,1.3886273
520,1184,15,12,11,2.5855155
392,1560,15,12,3,5.073306
384,1552,15,12,7,6.6329513
544,1520,15,12,8,4.458045
264,1752,15,12,12,4.496272
664,648,15,12,15,7.232088
280,264,15,12,15,6.2495995
536,520,15,12,15,3.82511
256,1760,15,12,3,2.3414884
520,1264,15,12,11,3.4192846
496,1048,15,12,10,3.6033263
352,1664,15,12,6,5.3545923
448,1576,15,12,5,8.586729
432,416,15,12,3,3.647383
520,1280,15,12,11,4.5889072
560,544,15,12,3,4.83252
304,288,15,12,3,4.2217736
496,1568,15,12,2,4.423924
496,1064,15,12,10,6.090317
312,1704,15,12,5,5.032647
280,1736,15,12,4,4.3365774
296,280,15,12,7,5.065687
424,408,15,12,7,6.059094
248,1768,15,12,7,6.0819263
680,664,15,12,7,6.5779843
552,536,15,12,7,6.0232396
416,400,15,12,11,10.917721
288,272,15,12,11,6.3040075
544,528,15,12,11,7.781905
376,1640,15,12,11,5.1842594
344,1672,15,12,10,0.9342369
552,1504,15,12,4,5.5202594
520,1232,15,12,11,5.414846
552,1456,15,12,4,2.67845
520,1248,15,12,11,2.6256454
496,1032,15,12,10,5.88358
360,1656,15,12,2,5.324422
552,1472,15,12,4,4.1589036
376,360,15,12,14,3.3476646
632,616,15,12,14,5.4533405
688,792,15,12,12,7.1813774
552,1424,15,12,4,9.826147
504,1560,15,12,15,5.791352
400,384,15,12,2,1.9014281
496,1000,15,12,10,5.595047
272,256,15,12,2,5.0333977
528,512,15,12,2,5.427463
656,640,15,12,2,5.735425
552,928,15,12,12,2.3430357
520,504,15,12,6,6.382165
624,856,15,12,14,3.6003819
640,624,15,12,10,5.6186223
512,496,15,12,10,3.3627079
384,368,15,12,10,6.7883244
640,840,15,12,6,3.2840276
520,1296,15,12,11,5.512904
512,968,15,12,2,5.2675037
552,1392,15,12,4,4.8074393
528,1320,15,12,7,4.484852
368,1648,15,12,15,5.564737
504,976,15,12,6,6.1902695
696,784,15,12,8,7.88693
536,1328,15,12,3,6.632812
296,1720,15,12,13,5.4207935
552,1408,15,12,4,5.525117
568,912,15,12,4,6.1258993
520,1152,15,12,15,4.885653
648,832,15,12,6,2.8437595
360,344,15,12,1,6.2985625
616,600,15,12,1,7.310239
496,480,15,12,5,7.866515
368,352,15,12,5,6.289717
624,608,15,12,5,6.1019197
208,256,15,12,4,1.6010835
552,1376,15,12,12,5.256953
520,1136,15,12,15,4.874567
472,456,15,12,9,3.7282104
600,584,15,12,9,3.6291714
344,328,15,12,9,5.774545
352,336,15,12,13,3.2845292
608,592,15,12,13,8.091883
480,464,15,12,13,2.0174594
616,864,15,12,5,3.2634943
544,1336,15,12,8,3.133156
552,1344,15,12,12,4.209398
656,824,15,12,11,3.7290583
384,1568,15,12,3,1.3521385
520,1216,15,12,15,5.9692593
536,1528,15,12,8,4.5246983
224,256,15,12,13,5.998847
520,960,15,12,11,10.462712
384,1584,15,12,3,4.69701
592,576,15,12,4,5.867179
464,448,15,12,4,5.188723
520,1200,15,12,15,3.7542932
528,952,15,12,15,1.2977813
696,680,15,12,8,4.1160994
440,424,15,12,8,6.4170847
568,552,15,12,8,5.143228
704,688,15,12,12,3.2365122
448,432,15,12,12,6.504961
320,304,15,12,12,8.3854885
544,936,15,12,7,4.6564198
504,1088,15,12,6,1.7213835
520,1184,15,12,15,3.8699837
664,816,15,12,15,5.087001
488,1576,15,12,6,4.1918626
480,1576,15,12,2,4.0018764
496,1080,15,12,2,5.420713
272,1744,15,12,12,4.5739594
336,1680,15,12,14,6.6863155
384,1552,15,12,3,8.693344
392,1560,15,12,7,1.8094344
264,1752,15,12,8,5.817404
544,1520,15,12,12,2.9799502
376,1640,15,12,15,4.9300814
416,400,15,12,15,4.6667953
288,272,15,12,15,4.940224
344,1672,15,12,14,6.549146
384,1632,15,12,3,4.838223
352,1664,15,12,2,6.9896584
320,1696,15,12,5,2.7672224
288,1728,15,12,4,2.0817447
256,1760,15,12,7,5.3560333
496,1064,15,12,14,3.9519007
448,1576,15,12,1,7.0186567
432,1576,15,12,9,1.2356405
312,1704,15,12,1,6.8760023
248,1768,15,12,3,2.0673327
552,536,15,12,3,2.8231552
680,664,15,12,3,7.6407385
296,280,15,12,3,5.1977816
424,408,15,12,3,5.705743
432,416,15,12,7,12.14172
520,1264,15,12,15,4.414073
528,1536,15,12,7,4.2950997
304,288,15,12,7,5.286932
496,1048,15,12,14,0.39930433
496,1568,15,12,6,4.31897
536,520,15,12,11,3.37044
408,392,15,12,11,1.8312788
280,264,15,12,11,5.6969514
384,1600,15,12,3,3.9550178
520,1248,15,12,15,4.8641543
496,1032,15,12,14,3.2677898
384,1616,15,12,3,2.5315197
360,1656,15,12,6,2.4242659
400,1568,15,12,8,2.2164288
512,496,15,12,14,11.087885
640,624,15,12,14,5.7714467
688,792,15,12,8,7.9415097
552,928,15,12,8,5.636713
648,632,15,12,2,5.805503
520,504,15,12,2,4.8814383
392,376,15,12,2,5.197689
272,256,15,12,6,12.294496
400,384,15,12,6,0.94801676
496,984,15,12,14,4.2321897
656,640,15,12,6,10.37203
632,616,15,12,10,4.882969
376,360,15,12,10,5.884075
512,1552,15,12,15,4.6972785
512,968,15,12,6,10.335337
520,1544,15,12,3,4.796177
520,1312,15,12,15,4.8058033
632,848,15,12,14,5.0788593
368,1648,15,12,11,12.015152
304,1712,15,12,13,7.1116514
536,1328,15,12,7,1.6675214
696,784,15,12,12,5.3846364
296,1720,15,12,9,4.4552445
528,1320,15,12,3,5.2027454
504,976,15,12,2,5.593323
688,792,15,12,7,10.968893
656,824,15,12,6,4.173197
496,984,15,12,1,3.257698
528,952,15,12,2,4.4810147
520,1200,15,12,2,2.2114666
624,856,15,12,5,3.76667
592,888,15,12,4,3.7669272
552,928,15,12,7,6.976595
520,960,15,12,6,0.4211945
512,496,15,12,1,4.8190994
640,624,15,12,1,6.159283
632,616,15,12,5,5.6596193
504,488,15,12,5,3.5995035
464,448,15,12,9,0.4382488
336,320,15,12,9,5.2063746
496,1000,15,12,1,4.216257
520,1216,15,12,2,5.0927777
584,568,15,12,13,5.4535875
456,440,15,12,13,6.505925
712,696,15,12,13,2.9953814
504,1088,15,12,11,5.1787868
488,1576,15,12,11,4.595443
520,1168,15,12,2,2.573741
520,1544,15,12,12,3.378096
528,1320,15,12,12,4.760367
480,1576,15,12,15,4.514388
632,848,15,12,1,4.8757753
696,784,15,12,3,4.7858768
520,1184,15,12,2,4.077094
664,816,15,12,2,0.4421889
312,1704,15,12,14,5.362061
712,752,15,12,13,6.574894
496,1048,15,12,1,7.825989
256,1760,15,12,8,4.4520764
520,1136,15,12,2,3.1984615
320,1696,15,12,10,1.6139143
384,1632,15,12,12,4.6550126
584,896,15,12,9,7.256101
344,1672,15,12,1,1.7002316
648,832,15,12,11,6.0571456
712,768,15,12,13,4.3071327
472,456,15,12,4,6.555175
600,584,15,12,4,4.2242746
448,1576,15,12,14,6.1395607
208,256,15,12,9,0.6643315
496,1064,15,12,1,3.639017
688,672,15,12,8,7.692471
304,288,15,12,8,6.085182
432,416,15,12,8,4.4682918
528,1536,15,12,8,4.775719
520,1152,15,12,2,0.4288692
680,664,15,12,12,6.6028705
248,1768,15,12,12,5.4642477
424,408,15,12,12,3.0491557
552,536,15,12,12,4.6640487
256,256,15,12,1,5.9881916
712,720,15,12,13,5.619539
496,1016,15,12,1,3.03189
384,1600,15,12,12,4.955401
712,736,15,12,13,5.132925
400,1568,15,12,7,4.446151
496,1032,15,12,1,3.5668356
520,1120,15,12,2,9.1317215
384,1616,15,12,12,3.1625776
392,376,15,12,15,4.876434
520,504,15,12,15,5.904347
536,1528,15,12,7,4.2058473
704,688,15,12,3,4.991476
448,432,15,12,3,4.827366
552,1440,15,12,13,2.155785
440,424,15,12,7,12.361338
568,552,15,12,7,5.4075007
400,384,15,12,11,2.701962
272,256,15,12,11,8.281649
656,640,15,12,11,5.47482
384,1584,15,12,12,5.094059
544,936,15,12,8,5.997524
512,968,15,12,11,5.2881055
272,1744,15,12,3,6.843741
704,776,15,12,13,1.6010641
552,1392,15,12,13,4.3659286
672,808,15,12,12,5.831969
504,976,15,12,15,0.4027709
368,1648,15,12,6,2.081633
544,1520,15,12,3,1.3692714
328,1688,15,12,5,4.5049834
552,1408,15,12,13,9.521441
296,1720,15,12,4,5.8150764
536,944,15,12,12,10.229866
264,1752,15,12,7,1.4403834
608,872,15,12,14,6.0532155
392,1560,15,12,8,5.6465836
520,1312,15,12,2,5.2070084
240,256,15,12,10,6.296574
464,1576,15,12,5,6.2761784
384,1552,15,12,12,6.025982
360,344,15,12,14,0.89164245
552,1488,15,12,13,6.3863726
288,1728,15,12,9,8.257994
552,1360,15,12,3,1.7747782
520,1264,15,12,2,5.3190703
352,1664,15,12,15,2.2824476
680,800,15,12,8,0.6355288
616,864,15,12,10,2.7407603
672,656,15,12,2,7.1728163
288,272,15,12,2,5.5521593
544,528,15,12,2,5.6028676
416,400,15,12,2,3.776244
552,1504,15,12,13,1.1928179
408,392,15,12,6,5.461372
280,264,15,12,6,6.577063
552,1376,15,12,3,8.267197
496,1568,15,12,11,4.72389
368,352,15,12,10,2.5541134
624,608,15,12,10,6.764193
496,480,15,12,10,6.4015913
520,1280,15,12,2,5.314775
432,1576,15,12,4,1.2942283
416,1576,15,12,13,5.7303357
520,1232,15,12,2,7.2065306
552,1344,15,12,3,4.5733275
520,1248,15,12,2,1.5916477
560,920,15,12,7,1.1886983
528,952,15,12,6,1.7889271
520,1200,15,12,6,4.684818
224,256,15,12,4,5.010892
624,856,15,12,1,4.16084
496,984,15,12,5,2.7652912
520,1216,15,12,6,4.9733067
504,488,15,12,1,10.319361
376,360,15,12,1,7.2424927
712,704,15,12,9,6.5710998
632,616,15,12,1,6.0504575
512,496,15,12,5,9.392627
384,368,15,12,5,0.91377187
640,624,15,12,5,2.9942672
456,440,15,12,9,11.91913
584,568,15,12,9,5.3603144
712,696,15,12,9,6.0314684
520,960,15,12,2,2.46592
496,1000,15,12,5,3.8884373
464,448,15,12,13,4.035549
336,320,15,12,13,5.5729628
592,576,15,12,13,5.388344
520,1168,15,12,6,5.395254
480,1576,15,12,11,2.1574953
496,1080,15,12,11,4.793748
488,1576,15,12,15,5.2969093
696,784,15,12,7,5.5439043
664,816,15,12,6,2.7827296
520,1184,15,12,6,4.9719973
504,1088,15,12,15,7.6633863
712,752,15,12,9,1.062188
448,1576,15,12,10,4.5793476
648,832,15,12,15,5.1438107
384,1632,15,12,8,5.503125
256,1760,15,12,12,11.345909
320,1696,15,12,14,2.4336772
520,1152,15,12,6,4.6473484
712,768,15,12,9,5.5539947
584,896,15,12,13,4.137369
344,1672,15,12,5,2.6665123
352,336,15,12,4,5.6079326
680,664,15,12,8,11.924084
296,280,15,12,8,7.00504
248,1768,15,12,8,3.8362317
424,408,15,12,8,9.065985
312,1704,15,12,10,1.0819621
208,256,15,12,13,4.323716
496,1064,15,12,5,1.5523489
560,544,15,12,12,6.365041
304,288,15,12,12,1.3049992
688,672,15,12,12,3.2490506
432,416,15,12,12,5.261059
520,1104,15,12,6,2.1746757
384,1600,15,12,8,2.097827
512,1096,15,12,2,6.6364174
496,1016,15,12,5,4.9680758
520,1120,15,12,6,2.6549635
712,736,15,12,9,5.979247
400,1568,15,12,3,6.928629
384,1616,15,12,8,1.5721945
496,1032,15,12,5,6.984267
272,256,15,12,15,7.2937746
528,512,15,12,15,4.8198123
400,384,15,12,15,0.4216639
656,640,15,12,15,7.5635786
536,1528,15,12,3,4.5303054
504,1560,15,12,2,9.329499
384,1568,15,12,8,1.4440564
696,680,15,12,3,6.165911
568,552,15,12,3,5.4049826
440,424,15,12,3,1.3987373
320,304,15,12,7,0.6688049
448,432,15,12,7,2.8353481
576,560,15,12,7,7.1506453
704,688,15,12,7,6.322826
520,504,15,12,11,0.42930335
648,632,15,12,11,7.411272
392,376,15,12,11,6.8466434
240,256,15,12,14,4.2413745
672,808,15,12,8,0.42938796
640,840,15,12,11,4.900328
368,1648,15,12,2,2.0389385
608,872,15,12,10,4.2178497
576,904,15,12,13,5.5541344
304,1712,15,12,4,1.3855202
192,256,15,12,9,5.8313627
568,912,15,12,9,6.3222976
552,1408,15,12,9,1.1373664
536,944,15,12,8,5.7147527
264,1752,15,12,3,2.11441
504,976,15,12,11,5.580728
512,1552,15,12,6,3.1656518
464,1576,15,12,1,6.0310545
384,1552,15,12,8,4.833038
392,1560,15,12,12,4.552039
552,1360,15,12,7,6.854131
496,1568,15,12,15,5.3331103
368,352,15,12,14,4.0680137
520,1264,15,12,6,4.6921535
352,1664,15,12,11,2.6061
288,1728,15,12,13,4.6970253
552,1376,15,12,7,4.75738
520,1280,15,12,6,5.121422
552,1504,15,12,9,0.7810228
664,648,15,12,2,3.6544344
280,264,15,12,2,1.8650037
536,520,15,12,2,8.208631
680,800,15,12,12,5.2927346
416,400,15,12,6,2.4493194
376,1640,15,12,6,11.628523
288,272,15,12,6,4.7428637
672,656,15,12,6,5.586827
280,1736,15,12,9,7.247641
616,600,15,12,10,0.6491769
360,344,15,12,10,8.992565
520,1232,15,12,6,11.721006
416,1576,15,12,9,1.0083139
552,1456,15,12,9,6.229245
520,1248,15,12,6,6.429037
552,1472,15,12,9,1.3115742
544,1336,15,12,3,5.451262
552,1424,15,12,7,3.539509
520,1200,15,12,10,5.5719004
528,952,15,12,10,7.5271864
520,960,15,12,14,2.392797
224,256,15,12,8,1.6237333
536,1528,15,12,13,5.8627734
272,256,15,12,1,0.45590985
528,512,15,12,1,3.2442923
656,640,15,12,1,0.44787118
520,1216,15,12,10,5.5709977
648,632,15,12,5,6.788947
520,504,15,12,5,6.2492847
392,376,15,12,5,6.1064186
704,688,15,12,9,2.4265692
576,560,15,12,9,6.958843
448,432,15,12,9,6.026919
696,680,15,12,13,3.058744
440,424,15,12,13,5.959184
552,1392,15,12,7,5.201667
520,1168,15,12,10,5.3277035
520,1544,15,12,4,2.1013193
512,968,15,12,1,4.006119
272,1744,15,12,9,6.431117
336,1680,15,12,11,1.864229
576,904,15,12,3,3.4907885
640,840,15,12,5,6.531687
552,1408,15,12,7,3.3441224
568,912,15,12,7,8.47604
520,1184,15,12,10,5.0937138
544,1520,15,12,9,4.329274
264,1752,15,12,13,5.7206826
504,976,15,12,5,4.7674794
552,1488,15,12,7,6.733675
448,1576,15,12,6,3.1513467
552,1360,15,12,9,8.773036
288,1728,15,12,3,5.9853477
520,1136,15,12,10,2.149076
552,1504,15,12,7,4.869054
496,1568,15,12,1,3.229108
552,1376,15,12,9,4.568412
520,1152,15,12,10,0.79968166
552,536,15,12,4,0.44308195
248,1768,15,12,4,6.894107
424,408,15,12,4,7.3607736
296,280,15,12,4,5.6702538
280,1736,15,12,7,7.1502986
312,1704,15,12,6,4.6182666
352,336,15,12,8,2.578327
608,592,15,12,8,3.9110813
480,464,15,12,8,4.236532
472,456,15,12,12,2.6338012
344,328,15,12,12,9.383108
416,1576,15,12,7,0.90533453
384,1600,15,12,4,5.6990986
552,1472,15,12,7,4.4600415
552,1344,15,12,9,3.59816
520,1120,15,12,10,6.5947723
544,1336,15,12,13,4.781741
384,1616,15,12,4,3.834618
512,1096,15,12,14,5.4564176
376,360,15,12,15,1.2069404
504,488,15,12,15,4.498105
632,616,15,12,15,3.7213235
496,984,15,12,11,3.7970228
504,1560,15,12,14,3.348678
496,1000,15,12,11,5.6069155
464,448,15,12,3,5.0847754
336,320,15,12,3,4.3876576
384,1584,15,12,4,4.162581
584,568,15,12,7,4.80535
624,856,15,12,15,10.206749
712,696,15,12,7,7.5094166
456,440,15,12,7,6.340324
640,624,15,12,11,5.0367117
384,368,15,12,11,3.9948542
512,496,15,12,11,8.68614
488,1576,15,12,1,3.2170146
520,1296,15,12,10,4.1581306
304,1712,15,12,8,5.873122
480,1576,15,12,5,2.9186041
496,1080,15,12,5,4.5835643
672,808,15,12,4,4.9299264
696,784,15,12,9,3.998118
632,848,15,12,11,5.676132
520,1312,15,12,10,10.941523
240,256,15,12,2,9.516728
512,1552,15,12,10,2.4023461
296,1720,15,12,12,6.1611795
536,944,15,12,4,4.8598585
712,752,15,12,7,4.4709163
408,392,15,12,14,5.610214
496,1048,15,12,11,3.9731164
520,1264,15,12,10,3.2701569
208,256,15,12,3,2.8531125
520,1280,15,12,10,6.901517
624,608,15,12,2,5.9652634
496,480,15,12,2,5.594366
432,1576,15,12,12,4.708246
488,472,15,12,6,4.2729316
360,344,15,12,6,4.117433
616,600,15,12,6,4.000332
344,1672,15,12,11,4.0303655
584,896,15,12,3,8.559816
544,528,15,12,10,4.4613113
288,272,15,12,10,3.4498396
416,400,15,12,10,7.613593
616,864,15,12,2,2.7092013
672,656,15,12,10,6.0849133
496,1016,15,12,11,2.0281768
520,1232,15,12,10,0.40405023
256,256,15,12,11,6.9180503
712,736,15,12,7,1.7354227
496,1032,15,12,11,4.461237
520,1248,15,12,10,3.6891184
400,1568,15,12,13,3.607764
656,824,15,12,10,6.0186
520,1216,15,12,14,4.599475
536,1528,15,12,9,1.7346692
224,256,15,12,12,3.9709427
648,632,15,12,1,3.0325668
520,504,15,12,1,3.8289008
520,960,15,12,10,3.0221038
272,256,15,12,5,8.838634
656,640,15,12,5,7.6020517
528,512,15,12,5,2.8803952
400,384,15,12,5,3.6219926
520,1200,15,12,14,2.0406396
528,952,15,12,14,4.088529
696,680,15,12,9,5.1131783
568,552,15,12,9,5.43479
312,296,15,12,9,3.2791896
440,424,15,12,9,3.7123797
576,560,15,12,13,3.5915189
320,304,15,12,13,3.9471703
448,432,15,12,13,3.0708768
704,688,15,12,13,7.8445134
576,904,15,12,7,4.703131
192,256,15,12,3,0.44903994
520,1184,15,12,14,5.051542
640,840,15,12,1,5.9585123
552,1392,15,12,3,4.881255
704,776,15,12,3,6.3602433
512,968,15,12,5,5.778901
272,1744,15,12,13,5.112128
336,1680,15,12,15,0.36041084
464,1576,15,12,11,4.585724
600,880,15,12,12,6.917849
520,1168,15,12,14,4.4594784
568,912,15,12,3,5.567176
328,1688,15,12,11,6.5156207
544,1520,15,12,13,5.061895
536,1328,15,12,4,5.5885663
256,1760,15,12,4,5.0154295
288,1728,15,12,7,4.93104
520,1152,15,12,14,6.071433
320,1696,15,12,6,4.173763
552,1488,15,12,3,4.5178437
448,1576,15,12,2,6.7903256
280,1736,15,12,3,9.301027
312,1704,15,12,2,2.893644
552,1376,15,12,13,1.8213191
496,1568,15,12,5,2.124679
688,672,15,12,4,4.7457633
304,288,15,12,4,2.4872603
528,1536,15,12,4,5.2891273
560,544,15,12,4,5.691366
520,1136,15,12,14,4.6415243
344,328,15,12,8,5.5265293
472,456,15,12,8,3.4139156
552,1504,15,12,3,4.8617363
480,464,15,12,12,11.414738
608,592,15,12,12,3.3720713
512,1096,15,12,10,5.938508
520,1120,15,12,14,7.1664896
416,1576,15,12,3,4.538406
552,1344,15,12,13,0.37617669
360,1656,15,12,5,2.4382374
520,1104,15,12,14,1.7234558
552,1472,15,12,3,3.5373416
384,368,15,12,15,3.2422104
640,624,15,12,15,4.4346657
512,496,15,12,15,4.184295
688,792,15,12,9,0.63851833
624,856,15,12,11,2.7122636
560,920,15,12,13,1.0362197
552,928,15,12,9,2.674761
328,312,15,12,3,4.4755144
456,440,15,12,3,5.598644
336,320,15,12,7,5.877678
464,448,15,12,7,11.7347
632,616,15,12,11,1.5994536
504,488,15,12,11,2.2458403
712,704,15,12,3,7.0884123
512,1552,15,12,14,4.510438
632,848,15,12,15,2.000742
520,1312,15,12,14,4.5815787
480,1576,15,12,1,3.9042134
496,1080,15,12,1,2.6284943
368,1648,15,12,10,6.617432
608,872,15,12,2,4.5394926
544,936,15,12,4,1.078536
304,1712,15,12,12,7.413586
696,784,15,12,13,6.306107
392,1560,15,12,4,4.1593413
520,1296,15,12,14,3.7565827
240,256,15,12,6,8.445305
416,400,15,12,14,6.0938926
544,528,15,12,14,4.623801
672,656,15,12,14,2.271737
520,1280,15,12,14,4.1273127
432,1576,15,12,8,0.35438877
360,344,15,12,2,3.2765317
208,256,15,12,7,2.9472601
368,352,15,12,6,2.078195
496,480,15,12,6,10.4771385
712,768,15,12,3,3.7233465
536,520,15,12,10,6.079088
664,648,15,12,10,1.881629
280,264,15,12,10,3.3463156
648,832,15,12,5,6.7842307
680,800,15,12,4,8.933306
520,1248,15,12,14,3.2584379
712,720,15,12,3,4.1247315
256,256,15,12,15,0.8292582
496,1016,15,12,15,1.2034628
520,1232,15,12,14,5.3995705
400,1568,15,12,9,3.7867517
712,736,15,12,3,3.354213
312,1704,15,12,15,5.172923
256,1760,15,12,9,8.339891
520,1264,15,12,1,4.045958
384,1632,15,12,13,4.171706
432,1576,15,12,7,2.1951194
544,528,15,12,1,5.505481
288,272,15,12,1,2.0165172
416,400,15,12,1,7.232679
376,1640,15,12,1,4.5645633
648,832,15,12,10,2.5987191
536,520,15,12,5,5.469217
664,648,15,12,5,8.421629
408,392,15,12,5,6.059864
712,768,15,12,12,1.1914884
448,1576,15,12,15,6.514271
560,544,15,12,9,3.1394777
432,416,15,12,9,1.2787287
528,1536,15,12,9,4.52328
304,288,15,12,9,4.095455
520,1280,15,12,1,4.981719
688,672,15,12,9,5.8601236
552,536,15,12,13,8.209426
424,408,15,12,13,6.4507084
296,280,15,12,13,6.073785
248,1768,15,12,13,8.772389
712,720,15,12,12,1.0445292
520,1232,15,12,1,5.3926024
520,1248,15,12,1,3.087923
384,1616,15,12,13,4.5582743
544,1336,15,12,4,8.097865
504,1560,15,12,5,3.5952504
440,424,15,12,4,1.5871991
712,704,15,12,12,8.352022
592,576,15,12,8,3.6040988
328,312,15,12,12,4.932263
584,568,15,12,12,4.666078
712,696,15,12,12,5.6922064
336,1680,15,12,2,2.343877
520,1296,15,12,1,1.364136
488,1576,15,12,10,4.940701
464,1576,15,12,6,3.2056859
536,1328,15,12,9,7.499938
512,1552,15,12,1,4.111179
528,1320,15,12,13,4.8400183
264,1752,15,12,4,10.493675
328,1688,15,12,6,3.0714085
496,1080,15,12,14,0.39730594
520,1312,15,12,1,4.942948
488,472,15,12,15,2.4451835
552,1488,15,12,12,1.6124719
520,1136,15,12,1,5.6753826
288,1728,15,12,8,8.873471
496,1048,15,12,2,3.3762395
352,1664,15,12,14,7.414982
608,592,15,12,3,6.5061255
352,336,15,12,3,6.7141895
616,864,15,12,11,8.607656
480,464,15,12,3,2.922773
344,1672,15,12,2,1.2869481
552,1504,15,12,12,3.8029437
520,1152,15,12,1,6.2319293
368,352,15,12,11,5.2842016
496,480,15,12,11,2.119252
496,1064,15,12,2,6.2833586
280,1736,15,12,12,7.31713
256,256,15,12,2,2.0959487
416,1576,15,12,12,4.1452827
520,1104,15,12,1,6.5885906
496,1016,15,12,2,6.5746007
512,1096,15,12,5,4.3991833
552,1472,15,12,12,3.5183225
400,1568,15,12,4,3.0853443
520,1120,15,12,1,4.1138773
496,1032,15,12,2,1.7858849
592,888,15,12,7,6.1465974
520,504,15,12,14,4.023756
392,376,15,12,14,4.2322836
624,856,15,12,6,3.7890778
648,632,15,12,14,5.737708
528,952,15,12,1,10.213392
496,984,15,12,2,3.7526186
384,1568,15,12,13,10.4181385
688,792,15,12,4,8.414772
384,368,15,12,2,6.797706
640,624,15,12,2,5.995154
376,360,15,12,6,5.6907816
656,640,15,12,10,1.052941
496,1000,15,12,2,5.1503305
528,512,15,12,10,5.319459
400,384,15,12,10,10.835669
272,256,15,12,10,4.959191
520,960,15,12,5,1.9929844
384,1584,15,12,13,2.4666424
552,928,15,12,4,5.129259
544,936,15,12,9,6.1164956
576,904,15,12,8,4.392233
512,968,15,12,10,7.2057505
672,808,15,12,13,1.5244977
552,1392,15,12,12,2.1444314
704,776,15,12,12,8.512641
520,1168,15,12,1,4.0926933
192,256,15,12,12,3.94936
536,944,15,12,13,1.8064368
568,912,15,12,12,3.8866594
552,1408,15,12,12,4.5033264
664,816,15,12,1,7.978899
520,1184,15,12,1,3.967842
240,256,15,12,11,0.6592598
632,848,15,12,2,5.9659543
712,752,15,12,8,8.58929
448,1576,15,12,11,3.4136806
648,832,15,12,14,6.6922293
384,1632,15,12,9,6.51418
520,1264,15,12,5,0.93945897
552,1360,15,12,4,5.062707
320,1696,15,12,15,2.1375515
280,264,15,12,1,5.6129637
536,520,15,12,1,7.468386
664,648,15,12,1,4.5594277
712,768,15,12,8,4.603307
288,272,15,12,5,5.1538215
672,656,15,12,5,7.454167
416,400,15,12,5,5.312887
584,896,15,12,12,4.1582737
424,408,15,12,9,6.027087
248,1768,15,12,9,7.0531435
296,280,15,12,9,9.488824
304,288,15,12,13,11.976093
688,672,15,12,13,4.6481695
520,1280,15,12,5,5.2428064
528,1536,15,12,13,4.8864455
552,1376,15,12,4,2.586268
208,256,15,12,12,7.867778
384,1600,15,12,9,7.5558558
520,1232,15,12,5,0.7976787
712,736,15,12,8,5.7755184
520,1248,15,12,5,4.7513857
552,1344,15,12,4,2.074788
504,1560,15,12,1,0.9930241
712,704,15,12,8,1.5944446
448,432,15,12,4,5.2993846
320,304,15,12,4,2.4681175
704,688,15,12,4,2.3411777
584,568,15,12,8,7.825977
712,696,15,12,8,0.42979875
456,440,15,12,8,5.622936
328,312,15,12,8,5.774626
592,576,15,12,12,11.889763
464,448,15,12,12,6.253727
336,320,15,12,12,6.229868
496,1080,15,12,10,7.26447
480,1576,15,12,10,2.7820578
272,1744,15,12,4,5.364927
304,1712,15,12,7,5.3296037
520,1296,15,12,5,7.07723
488,1576,15,12,14,6.325201
528,1320,15,12,9,3.747886
296,1720,15,12,3,7.469304
328,1688,15,12,2,3.566528
512,1552,15,12,5,3.3819356
536,1328,15,12,13,1.5584018
544,1520,15,12,4,4.0713763
504,1088,15,12,14,7.138076
464,1576,15,12,2,1.9709114
368,352,15,12,15,5.5764866
624,608,15,12,15,5.5016484
496,1048,15,12,6,9.584107
496,1568,15,12,14,4.5087237
552,1488,15,12,8,10.218991
616,864,15,12,15,2.2163894
352,1664,15,12,10,0.39335677
520,1136,15,12,5,5.09499
288,1728,15,12,12,2.2208958
496,1064,15,12,6,6.81643
600,584,15,12,3,2.243663
344,328,15,12,3,11.720448
472,456,15,12,3,4.9511147
680,800,15,12,13,5.2104616
608,592,15,12,7,3.1122794
480,464,15,12,7,7.239267
352,336,15,12,7,4.422869
280,1736,15,12,8,3.7228806
616,600,15,12,11,6.993529
488,472,15,12,11,6.5289865
520,1152,15,12,5,9.224356
496,1016,15,12,6,4.2205315
360,1656,15,12,14,6.15816
416,1576,15,12,8,1.1230811
552,1456,15,12,8,3.8645687
256,256,15,12,6,3.5540943
512,1096,15,12,1,5.582526
520,1104,15,12,5,7.0870676
496,1032,15,12,6,3.0927033
552,1472,15,12,8,3.5885475
520,1120,15,12,5,6.6971126
400,384,15,12,14,0.6496109
272,256,15,12,14,1.4208927
496,984,15,12,6,5.0966463
552,1424,15,12,8,5.84132
656,824,15,12,1,8.525831
592,888,15,12,3,2.9931355
520,1200,15,12,5,5.3444257
528,952,15,12,5,7.4593763
560,920,15,12,4,1.0030522
552,1440,15,12,8,4.6190457
632,616,15,12,2,8.398887
376,360,15,12,2,7.118639
640,624,15,12,6,4.882359
384,368,15,12,6,6.071994
520,960,15,12,1,2.6676886
384,1584,15,12,9,4.570025
648,632,15,12,10,6.041024
520,504,15,12,10,4.8594794
392,376,15,12,10,5.21923
520,1216,15,12,5,6.842593
240,256,15,12,15,6.2065444
672,808,15,12,9,5.6840696
552,1392,15,12,8,3.6858325
704,776,15,12,8,8.802346
640,840,15,12,10,4.985932
576,904,15,12,12,0.6156479
520,1168,15,12,5,4.268749
600,880,15,12,7,5.428503
536,944,15,12,9,3.7863533
552,1408,15,12,8,7.4058766
568,912,15,12,8,0.4264382
504,976,15,12,10,2.1512237
512,968,15,12,14,4.9683914
384,1552,15,12,9,4.4401927
392,1560,15,12,13,1.3953272
664,816,15,12,5,5.7742567
520,1184,15,12,5,8.277952
